0.000000    2.000000     0.000000      2.000000
0.003000    2.000005     0.003000      2.000005
0.006000    2.000018     0.006000      2.000018
0.009000    2.000040     0.009000      2.000041
0.012000    2.000072     0.012000      2.000072
0.015000    2.000112     0.015000      2.000112
0.018000    2.000161     0.018000      2.000161
0.021000    2.000219     0.021000      2.000219
0.024000    2.000286     0.024000      2.000286
0.027000    2.000361     0.027000      2.000361
0.030000    2.000446     0.030000      2.000445
0.033000    2.000539     0.033000      2.000538
0.036000    2.000640     0.036000      2.000640
0.039000    2.000751     0.039000      2.000750
0.042000    2.000870     0.042000      2.000869
0.045000    2.000998     0.045000      2.000997
0.048000    2.001134     0.048000      2.001133
0.051000    2.001279     0.051000      2.001278
0.054000    2.001432     0.054000      2.001432
0.057000    2.001594     0.057000      2.001594
0.060000    2.001765     0.060000      2.001764
0.063000    2.001944     0.063000      2.001943
0.066000    2.002131     0.066000      2.002131
0.069000    2.002327     0.069000      2.002327
0.072000    2.002531     0.072000      2.002531
0.075000    2.002743     0.075000      2.002744
0.078000    2.002964     0.078000      2.002965
0.081000    2.003194     0.081000      2.003194
0.084000    2.003431     0.084000      2.003431
0.087000    2.003677     0.087000      2.003677
0.090000    2.003931     0.090000      2.003931
0.093000    2.004194     0.093000      2.004193
0.096000    2.004464     0.096000      2.004464
0.099000    2.004743     0.099000      2.004742
0.102000    2.005029     0.102000      2.005029
0.105000    2.005325     0.105000      2.005324
0.108000    2.005628     0.108000      2.005627
0.111000    2.005939     0.111000      2.005938
0.114000    2.006258     0.114000      2.006258
0.117000    2.006585     0.117000      2.006585
0.120000    2.006920     0.120000      2.006920
0.123000    2.007264     0.123000      2.007263
0.126000    2.007615     0.126000      2.007615
0.129000    2.007974     0.129000      2.007974
0.132000    2.008341     0.132000      2.008341
0.135000    2.008716     0.135000      2.008716
0.138000    2.009099     0.138000      2.009099
0.141000    2.009489     0.141000      2.009489
0.144000    2.009888     0.144000      2.009888
0.147000    2.010294     0.147000      2.010294
0.150000    2.010708     0.150000      2.010708
0.153000    2.011130     0.153000      2.011130
0.156000    2.011559     0.156000      2.011559
0.159000    2.011996     0.159000      2.011996
0.162000    2.012441     0.162000      2.012441
0.165000    2.012894     0.165000      2.012893
0.168000    2.013354     0.168000      2.013354
0.171000    2.013822     0.171000      2.013821
0.174000    2.014297     0.174000      2.014297
0.177000    2.014780     0.177000      2.014780
0.180000    2.015270     0.180000      2.015270
0.183000    2.015768     0.183000      2.015768
0.186000    2.016273     0.186000      2.016274
0.189000    2.016787     0.189000      2.016787
0.192000    2.017307     0.192000      2.017307
0.195000    2.017835     0.195000      2.017835
0.198000    2.018370     0.198000      2.018370
0.201000    2.018913     0.201000      2.018913
0.204000    2.019462     0.204000      2.019463
0.207000    2.020020     0.207000      2.020020
0.210000    2.020584     0.210000      2.020584
0.213000    2.021156     0.213000      2.021156
0.216000    2.021735     0.216000      2.021735
0.219000    2.022322     0.219000      2.022321
0.222000    2.022915     0.222000      2.022915
0.225000    2.023516     0.225000      2.023516
0.228000    2.024124     0.228000      2.024124
0.231000    2.024740     0.231000      2.024739
0.234000    2.025362     0.234000      2.025361
0.237000    2.025991     0.237000      2.025991
0.240000    2.026628     0.240000      2.026627
0.243000    2.027272     0.243000      2.027271
0.246000    2.027922     0.246000      2.027922
0.249000    2.028580     0.249000      2.028580
0.252000    2.029245     0.252000      2.029245
0.255000    2.029917     0.255000      2.029917
0.258000    2.030595     0.258000      2.030595
0.261000    2.031281     0.261000      2.031281
0.264000    2.031974     0.264000      2.031974
0.267000    2.032673     0.267000      2.032673
0.270000    2.033380     0.270000      2.033380
0.273000    2.034093     0.273000      2.034093
0.276000    2.034813     0.276000      2.034813
0.279000    2.035540     0.279000      2.035540
0.282000    2.036274     0.282000      2.036273
0.285000    2.037014     0.285000      2.037014
0.288000    2.037762     0.288000      2.037761
0.291000    2.038516     0.291000      2.038515
0.294000    2.039277     0.294000      2.039276
0.297000    2.040044     0.297000      2.040044
0.300000    2.040818     0.300000      2.040818
