1.000000  1.000000
1.020000  1.100000
1.040000  1.203169
1.060000  1.309506
1.080000  1.419014
1.100000  1.531692
1.120000  1.647541
1.140000  1.766561
1.160000  1.888754
1.180000  2.014118
1.200000  2.142656
1.220000  2.274367
1.240000  2.409252
1.260000  2.547311
1.280000  2.688544
1.300000  2.832952
1.320000  2.980536
1.340000  3.131296
1.360000  3.285232
1.380000  3.442344
1.400000  3.602633
1.420000  3.766099
1.440000  3.932743
1.460000  4.102564
1.480000  4.275564
1.500000  4.451742
1.520000  4.631098
1.539999  4.813634
1.559999  4.999349
1.579999  5.188243
1.599999  5.380317
1.619999  5.575571
1.639999  5.774005
1.659999  5.975620
1.679999  6.180415
1.699999  6.388391
1.719999  6.599549
1.739999  6.813888
1.759999  7.031408
1.779999  7.252110
1.799999  7.475995
1.819999  7.703062
1.839999  7.933311
1.859999  8.166742
1.879999  8.403357
1.899999  8.643154
1.919999  8.886135
1.939999  9.132299
1.959999  9.381647
1.979999  9.634178
1.999999  9.889893
2.019999  10.148791
2.039999  10.410874
2.059999  10.676142
2.079999  10.944593
2.099999  11.216229
2.119999  11.491051
2.139999  11.769057
2.159999  12.050248
2.179999  12.334624
2.199999  12.622186
2.219999  12.912932
2.239999  13.206865
2.259999  13.503983
2.279999  13.804288
2.299999  14.107779
2.319999  14.414454
2.339999  14.724317
2.359999  15.037365
2.379999  15.353601
2.399999  15.673022
2.419999  15.995630
2.439999  16.321426
2.459999  16.650408
2.479999  16.982576
2.499999  17.317932
2.519999  17.656475
2.539999  17.998205
2.559999  18.343122
2.579998  18.691229
2.599998  19.042522
2.619998  19.397003
2.639998  19.754671
2.659998  20.115528
2.679998  20.479572
2.699998  20.846806
2.719998  21.217226
2.739998  21.590836
2.759998  21.967632
2.779998  22.347618
2.799998  22.730793
2.819998  23.117155
2.839998  23.506706
2.859998  23.899446
2.879998  24.295376
2.899998  24.694494
2.919998  25.096802
2.939998  25.502298
2.959998  25.910984
2.979998  26.322859
