0.000000  0.000000
1.000000  7.206079
2.000000  10.967982
3.000000  12.931869
4.000000  13.957107
5.000000  14.492328
6.000000  14.771738
7.000000  14.917603
8.000000  14.993751
9.000000  15.033504
10.000000  15.054256
11.000000  15.065090
12.000000  15.070745
13.000000  15.073698
14.000000  15.075240
15.000000  15.076044
16.000000  15.076465
17.000000  15.076684
18.000000  15.076798
19.000000  15.076859
20.000000  15.076889
21.000000  15.076905
22.000000  15.076914
23.000000  15.076919
24.000000  15.076921
25.000000  15.076922
26.000000  15.076922
27.000000  15.076923
28.000000  15.076923
29.000000  15.076923
30.000000  15.076923
31.000000  15.076923
32.000000  15.076923
33.000000  15.076923
34.000000  15.076923
35.000000  15.076923
36.000000  15.076923
37.000000  15.076923
38.000000  15.076923
39.000000  15.076923
40.000000  15.076923
41.000000  15.076923
42.000000  15.076923
43.000000  15.076923
44.000000  15.076923
45.000000  15.076923
46.000000  15.076923
47.000000  15.076923
48.000000  15.076923
49.000000  15.076923
50.000000  15.076923
51.000000  15.076923
52.000000  15.076923
53.000000  15.076923
54.000000  15.076923
55.000000  15.076923
56.000000  15.076923
57.000000  15.076923
58.000000  15.076923
59.000000  15.076923
60.000000  15.076923
61.000000  15.076923
62.000000  15.076923
63.000000  15.076923
64.000000  15.076923
65.000000  15.076923
66.000000  15.076923
67.000000  15.076923
68.000000  15.076923
69.000000  15.076923
70.000000  15.076923
71.000000  15.076923
72.000000  15.076923
73.000000  15.076923
74.000000  15.076923
75.000000  15.076923
76.000000  15.076923
77.000000  15.076923
78.000000  15.076923
79.000000  15.076923
80.000000  15.076923
81.000000  15.076923
82.000000  15.076923
83.000000  15.076923
84.000000  15.076923
85.000000  15.076923
86.000000  15.076923
87.000000  15.076923
88.000000  15.076923
89.000000  15.076923
90.000000  15.076923
91.000000  15.076923
92.000000  15.076923
93.000000  15.076923
94.000000  15.076923
95.000000  15.076923
96.000000  15.076923
97.000000  15.076923
98.000000  15.076923
99.000000  15.076923
100.000000  15.076923
