1.000000  1.000000
1.020000  1.101600
1.040000  1.206400
1.060000  1.314400
1.080000  1.425600
1.100000  1.539999
1.120000  1.657599
1.140000  1.778399
1.160000  1.902399
1.180000  2.029599
1.200000  2.159999
1.220000  2.293599
1.240000  2.430398
1.260000  2.570398
1.280000  2.713598
1.300000  2.859998
1.320000  3.009598
1.340000  3.162397
1.360000  3.318398
1.380000  3.477597
1.400000  3.639997
1.420000  3.805597
1.440000  3.974397
1.460000  4.146396
1.480000  4.321596
1.500000  4.499996
1.520000  4.681596
1.539999  4.866395
1.559999  5.054395
1.579999  5.245595
1.599999  5.439995
1.619999  5.637594
1.639999  5.838394
1.659999  6.042393
1.679999  6.249593
1.699999  6.459993
1.719999  6.673593
1.739999  6.890392
1.759999  7.110392
1.779999  7.333592
1.799999  7.559991
1.819999  7.789591
1.839999  8.022390
1.859999  8.258390
1.879999  8.497590
1.899999  8.739990
1.919999  8.985589
1.939999  9.234388
1.959999  9.486388
1.979999  9.741589
1.999999  9.999988
2.019999  10.261587
2.039999  10.526386
2.059999  10.794386
2.079999  11.065585
2.099999  11.339985
2.119999  11.617584
2.139999  11.898386
2.159999  12.182384
2.179999  12.469584
2.199999  12.759983
2.219999  13.053583
2.239999  13.350383
2.259999  13.650381
2.279999  13.953581
2.299999  14.259981
2.319999  14.569581
2.339999  14.882380
2.359999  15.198380
2.379999  15.517580
2.399999  15.839978
2.419999  16.165577
2.439999  16.494377
2.459999  16.826378
2.479999  17.161575
2.499999  17.499975
2.519999  17.841576
2.539999  18.186375
2.559999  18.534374
2.579998  18.885572
2.599998  19.239973
2.619998  19.597572
2.639998  19.958370
2.659998  20.322371
2.679998  20.689571
2.699998  21.059971
2.719998  21.433571
2.739998  21.810368
2.759998  22.190369
2.779998  22.573568
2.799998  22.959969
2.819998  23.349566
2.839998  23.742365
2.859998  24.138367
2.879998  24.537563
2.899998  24.939962
2.919998  25.345562
2.939998  25.754362
2.959998  26.166363
2.979998  26.581562
2.999998  26.999960
