0.000000   2.000000
0.001000   2.000000
0.002000   2.000002
0.003000   2.000005
0.004000   2.000008
0.005000   2.000012
0.006000   2.000018
0.007000   2.000025
0.008000   2.000032
0.009000   2.000040
0.010000   2.000050
0.011000   2.000060
0.012000   2.000072
0.013000   2.000084
0.014000   2.000098
0.015000   2.000112
0.016000   2.000127
0.017000   2.000144
0.018000   2.000161
0.019000   2.000179
0.020000   2.000199
0.021000   2.000219
0.022000   2.000240
0.023000   2.000262
0.024000   2.000286
0.025000   2.000310
0.026000   2.000335
0.027000   2.000361
0.028000   2.000388
0.029000   2.000417
0.030000   2.000446
0.031000   2.000476
0.032000   2.000507
0.033000   2.000539
0.034000   2.000571
0.035000   2.000605
0.036000   2.000640
0.037000   2.000676
0.038000   2.000713
0.039000   2.000751
0.040000   2.000789
0.041000   2.000829
0.042000   2.000870
0.043000   2.000911
0.044000   2.000954
0.045000   2.000998
0.046000   2.001042
0.047000   2.001087
0.048000   2.001134
0.049000   2.001181
0.050000   2.001230
0.051000   2.001279
0.052000   2.001329
0.053000   2.001380
0.054000   2.001432
0.055000   2.001485
0.056000   2.001539
0.057000   2.001594
0.058000   2.001650
0.059000   2.001707
0.060000   2.001765
0.061000   2.001823
0.062000   2.001883
0.063000   2.001944
0.064000   2.002005
0.065000   2.002068
0.066000   2.002131
0.067000   2.002195
0.068000   2.002260
0.069000   2.002327
0.070000   2.002394
0.071000   2.002462
0.072000   2.002531
0.073000   2.002601
0.074000   2.002672
0.075000   2.002743
0.076000   2.002816
0.077000   2.002890
0.078000   2.002964
0.079000   2.003040
0.080000   2.003116
0.081000   2.003194
0.082000   2.003272
0.083000   2.003351
0.084000   2.003431
0.085000   2.003512
0.086000   2.003594
0.087000   2.003677
0.088000   2.003761
0.089000   2.003846
0.090000   2.003931
0.091000   2.004018
0.092000   2.004105
0.093000   2.004194
0.094000   2.004283
0.095000   2.004373
0.096000   2.004464
0.097000   2.004556
0.098000   2.004649
0.099000   2.004743
0.100000   2.004838
0.101000   2.004933
0.102000   2.005029
0.103000   2.005127
0.104000   2.005225
0.105000   2.005325
0.106000   2.005425
0.107000   2.005526
0.108000   2.005628
0.109000   2.005730
0.110000   2.005834
0.111000   2.005939
0.112000   2.006044
0.113000   2.006151
0.114000   2.006258
0.115000   2.006366
0.116000   2.006475
0.117000   2.006585
0.118000   2.006696
0.119000   2.006808
0.120000   2.006920
0.121000   2.007034
0.122000   2.007148
0.123000   2.007264
0.124000   2.007380
0.125000   2.007497
0.126000   2.007615
0.127000   2.007734
0.128000   2.007854
0.129000   2.007974
0.130000   2.008096
0.131000   2.008218
0.132000   2.008341
0.133000   2.008465
0.134000   2.008590
0.135000   2.008716
0.136000   2.008843
0.137000   2.008970
0.138000   2.009099
0.139000   2.009228
0.140000   2.009358
0.141000   2.009489
0.142000   2.009621
0.143000   2.009754
0.144000   2.009888
0.145000   2.010022
0.146000   2.010158
0.147000   2.010294
0.148000   2.010431
0.149000   2.010569
0.150000   2.010708
0.151000   2.010848
0.152000   2.010988
0.153000   2.011130
0.154000   2.011272
0.155000   2.011415
0.156000   2.011559
0.157000   2.011704
0.158000   2.011850
0.159000   2.011996
0.160000   2.012144
0.161000   2.012292
0.162000   2.012441
0.163000   2.012591
0.164000   2.012742
0.165000   2.012894
0.166000   2.013046
0.167000   2.013200
0.168000   2.013354
0.169000   2.013509
0.170000   2.013665
0.171000   2.013822
0.172000   2.013979
0.173000   2.014138
0.174000   2.014297
0.175000   2.014457
0.176000   2.014618
0.177000   2.014780
0.178000   2.014942
0.179000   2.015106
0.180000   2.015270
0.181000   2.015435
0.182000   2.015601
0.183000   2.015768
0.184000   2.015936
0.185000   2.016104
0.186000   2.016274
0.187000   2.016444
0.188000   2.016615
0.189000   2.016787
0.190000   2.016959
0.191000   2.017133
0.192000   2.017307
0.193000   2.017482
0.194000   2.017658
0.195000   2.017835
0.196000   2.018012
0.197000   2.018191
0.198000   2.018370
0.199000   2.018550
0.200000   2.018731
0.201000   2.018913
0.202000   2.019095
0.203000   2.019278
0.204000   2.019462
0.205000   2.019647
0.206000   2.019833
0.207000   2.020020
0.208000   2.020207
0.209000   2.020395
0.210000   2.020584
0.211000   2.020774
0.212000   2.020965
0.213000   2.021156
0.214000   2.021348
0.215000   2.021542
0.216000   2.021735
0.217000   2.021930
0.218000   2.022125
0.219000   2.022322
0.220000   2.022519
0.221000   2.022717
0.222000   2.022915
0.223000   2.023115
0.224000   2.023315
0.225000   2.023516
0.226000   2.023718
0.227000   2.023921
0.228000   2.024124
0.229000   2.024329
0.230000   2.024534
0.231000   2.024740
0.232000   2.024946
0.233000   2.025154
0.234000   2.025362
0.235000   2.025571
0.236000   2.025781
0.237000   2.025991
0.238000   2.026203
0.239000   2.026415
0.240000   2.026628
0.241000   2.026842
0.242000   2.027056
0.243000   2.027272
0.244000   2.027488
0.245000   2.027705
0.246000   2.027922
0.247000   2.028141
0.248000   2.028360
0.249000   2.028580
0.250000   2.028801
0.251000   2.029022
0.252000   2.029245
0.253000   2.029468
0.254000   2.029692
0.255000   2.029917
0.256000   2.030142
0.257000   2.030368
0.258000   2.030595
0.259000   2.030823
0.260000   2.031052
0.261000   2.031281
0.262000   2.031511
0.263000   2.031742
0.264000   2.031974
0.265000   2.032206
0.266000   2.032439
0.267000   2.032673
0.268000   2.032908
0.269000   2.033143
0.270000   2.033380
0.271000   2.033617
0.272000   2.033854
0.273000   2.034093
0.274000   2.034332
0.275000   2.034572
0.276000   2.034813
0.277000   2.035054
0.278000   2.035297
0.279000   2.035540
0.280000   2.035784
0.281000   2.036028
0.282000   2.036274
0.283000   2.036520
0.284000   2.036767
0.285000   2.037014
0.286000   2.037263
0.287000   2.037512
0.288000   2.037761
0.289000   2.038012
0.290000   2.038264
0.291000   2.038516
0.292000   2.038769
0.293000   2.039022
0.294000   2.039276
0.295000   2.039531
0.296000   2.039787
0.297000   2.040044
0.298000   2.040301
0.299000   2.040559
0.300000   2.040818
0.301000   2.041078
0.302000   2.041338
0.303000   2.041599
0.304000   2.041861
0.305000   2.042123
0.306000   2.042387
0.307000   2.042650
0.308000   2.042915
0.309000   2.043181
0.310000   2.043447
0.311000   2.043714
0.312000   2.043981
0.313000   2.044250
0.314000   2.044519
0.314999   2.044789
0.315999   2.045059
0.316999   2.045331
0.317999   2.045603
0.318999   2.045875
0.319999   2.046149
0.320999   2.046423
0.321999   2.046698
0.322999   2.046974
0.323999   2.047250
0.324999   2.047527
0.325999   2.047805
0.326999   2.048084
0.327999   2.048363
0.328999   2.048643
0.329999   2.048923
0.330999   2.049205
0.331999   2.049487
0.332999   2.049770
0.333999   2.050054
0.334999   2.050338
0.335999   2.050623
0.336999   2.050909
0.337999   2.051195
0.338999   2.051482
0.339999   2.051770
0.340999   2.052059
0.341999   2.052348
0.342999   2.052638
0.343999   2.052929
0.344999   2.053220
0.345999   2.053512
0.346999   2.053805
0.347999   2.054099
0.348999   2.054393
0.349999   2.054688
0.350999   2.054983
0.351999   2.055280
0.352999   2.055577
0.353999   2.055875
0.354999   2.056173
0.355999   2.056472
0.356999   2.056772
0.357999   2.057073
0.358999   2.057374
0.359999   2.057676
0.360999   2.057979
0.361999   2.058282
0.362999   2.058586
0.363999   2.058891
0.364999   2.059196
0.365999   2.059502
0.366999   2.059809
0.367999   2.060117
0.368999   2.060425
0.369999   2.060734
0.370999   2.061044
0.371999   2.061354
0.372999   2.061665
0.373999   2.061976
0.374999   2.062289
0.375999   2.062602
0.376999   2.062916
0.377999   2.063230
0.378999   2.063545
0.379999   2.063861
0.380999   2.064178
0.381999   2.064495
0.382999   2.064812
0.383999   2.065131
0.384999   2.065450
0.385999   2.065770
0.386999   2.066091
0.387999   2.066412
0.388999   2.066734
0.389999   2.067056
0.390999   2.067380
0.391998   2.067704
0.392998   2.068028
0.393998   2.068354
0.394998   2.068680
0.395998   2.069006
0.396998   2.069334
0.397998   2.069662
0.398998   2.069990
0.399998   2.070319
0.400998   2.070650
0.401998   2.070980
0.402998   2.071311
0.403998   2.071644
0.404998   2.071976
0.405998   2.072309
0.406998   2.072644
0.407998   2.072978
0.408998   2.073314
0.409998   2.073650
0.410998   2.073986
0.411998   2.074324
0.412998   2.074662
0.413998   2.075000
0.414998   2.075340
0.415998   2.075680
0.416998   2.076020
0.417998   2.076362
0.418998   2.076704
0.419998   2.077046
0.420998   2.077389
0.421998   2.077733
0.422998   2.078078
0.423998   2.078423
0.424998   2.078769
0.425998   2.079116
0.426998   2.079463
0.427998   2.079811
0.428998   2.080159
0.429998   2.080508
0.430998   2.080858
0.431998   2.081209
0.432998   2.081560
0.433998   2.081912
0.434998   2.082264
0.435998   2.082617
0.436998   2.082971
0.437998   2.083325
0.438998   2.083680
0.439998   2.084036
0.440998   2.084392
0.441998   2.084749
0.442998   2.085106
0.443998   2.085465
0.444998   2.085824
0.445998   2.086183
0.446998   2.086543
0.447998   2.086904
0.448998   2.087265
0.449998   2.087627
0.450998   2.087990
0.451998   2.088353
0.452998   2.088717
0.453998   2.089082
0.454998   2.089447
0.455998   2.089813
0.456998   2.090179
0.457998   2.090547
0.458998   2.090914
0.459998   2.091283
0.460998   2.091652
0.461998   2.092021
0.462998   2.092392
0.463998   2.092763
0.464998   2.093134
0.465998   2.093506
0.466998   2.093879
0.467998   2.094253
0.468998   2.094627
0.469997   2.095001
0.470997   2.095377
0.471997   2.095752
0.472997   2.096129
0.473997   2.096506
0.474997   2.096884
0.475997   2.097263
0.476997   2.097641
0.477997   2.098021
0.478997   2.098402
0.479997   2.098782
0.480997   2.099164
0.481997   2.099546
0.482997   2.099929
0.483997   2.100312
0.484997   2.100696
0.485997   2.101081
0.486997   2.101466
0.487997   2.101852
0.488997   2.102238
0.489997   2.102625
0.490997   2.103013
0.491997   2.103401
0.492997   2.103790
0.493997   2.104180
0.494997   2.104570
0.495997   2.104960
0.496997   2.105352
0.497997   2.105744
0.498997   2.106136
0.499997   2.106529
0.500997   2.106923
0.501997   2.107318
0.502997   2.107713
0.503997   2.108108
0.504997   2.108505
0.505997   2.108901
0.506997   2.109299
0.507997   2.109697
0.508997   2.110095
0.509997   2.110494
0.510997   2.110894
0.511997   2.111295
0.512997   2.111696
0.513997   2.112097
0.514997   2.112499
0.515997   2.112902
0.516997   2.113306
0.517997   2.113709
0.518997   2.114114
0.519997   2.114519
0.520997   2.114925
0.521997   2.115331
0.522997   2.115738
0.523997   2.116146
0.524997   2.116554
0.525997   2.116963
0.526997   2.117372
0.527997   2.117782
0.528997   2.118192
0.529997   2.118604
0.530997   2.119015
0.531997   2.119428
0.532997   2.119840
0.533997   2.120254
0.534997   2.120668
0.535997   2.121083
0.536997   2.121498
0.537997   2.121913
0.538997   2.122330
0.539997   2.122747
0.540997   2.123164
0.541997   2.123583
0.542997   2.124001
0.543997   2.124420
0.544997   2.124840
0.545997   2.125261
0.546997   2.125682
0.547997   2.126103
0.548997   2.126526
0.549996   2.126948
0.550996   2.127372
0.551996   2.127795
0.552996   2.128220
0.553996   2.128645
0.554996   2.129071
0.555996   2.129497
0.556996   2.129924
0.557996   2.130351
0.558996   2.130779
0.559996   2.131207
0.560996   2.131637
0.561996   2.132066
0.562996   2.132496
0.563996   2.132927
0.564996   2.133358
0.565996   2.133790
0.566996   2.134223
0.567996   2.134656
0.568996   2.135090
0.569996   2.135524
0.570996   2.135959
0.571996   2.136394
0.572996   2.136830
0.573996   2.137266
0.574996   2.137703
0.575996   2.138141
0.576996   2.138579
0.577996   2.139018
0.578996   2.139457
0.579996   2.139897
0.580996   2.140337
0.581996   2.140778
0.582996   2.141219
0.583996   2.141661
0.584996   2.142104
0.585996   2.142547
0.586996   2.142991
0.587996   2.143435
0.588996   2.143880
0.589996   2.144325
0.590996   2.144771
0.591996   2.145218
0.592996   2.145665
0.593996   2.146113
0.594996   2.146561
0.595996   2.147009
0.596996   2.147459
0.597996   2.147908
0.598996   2.148359
0.599996   2.148810
0.600996   2.149261
0.601996   2.149713
0.602996   2.150166
0.603996   2.150619
0.604996   2.151073
0.605996   2.151527
0.606996   2.151981
0.607996   2.152437
0.608996   2.152893
0.609996   2.153349
0.610996   2.153806
0.611996   2.154263
0.612996   2.154721
0.613996   2.155180
0.614996   2.155639
0.615996   2.156099
0.616996   2.156559
0.617996   2.157019
0.618996   2.157481
0.619996   2.157942
0.620996   2.158405
0.621996   2.158868
0.622996   2.159331
0.623996   2.159795
0.624996   2.160259
0.625996   2.160724
0.626996   2.161190
0.627995   2.161656
0.628995   2.162122
0.629995   2.162590
0.630995   2.163057
0.631995   2.163526
0.632995   2.163994
0.633995   2.164464
0.634995   2.164933
0.635995   2.165404
0.636995   2.165874
0.637995   2.166346
0.638995   2.166818
0.639995   2.167290
0.640995   2.167763
0.641995   2.168237
0.642995   2.168711
0.643995   2.169185
0.644995   2.169660
0.645995   2.170136
0.646995   2.170612
0.647995   2.171089
0.648995   2.171566
0.649995   2.172044
0.650995   2.172522
0.651995   2.173000
0.652995   2.173480
0.653995   2.173959
0.654995   2.174440
0.655995   2.174921
0.656995   2.175402
0.657995   2.175884
0.658995   2.176366
0.659995   2.176849
0.660995   2.177332
0.661995   2.177816
0.662995   2.178301
0.663995   2.178786
0.664995   2.179271
0.665995   2.179757
0.666995   2.180243
0.667995   2.180731
0.668995   2.181218
0.669995   2.181706
0.670995   2.182195
0.671995   2.182684
0.672995   2.183173
0.673995   2.183663
0.674995   2.184154
0.675995   2.184645
0.676995   2.185137
0.677995   2.185629
0.678995   2.186121
0.679995   2.186615
0.680995   2.187108
0.681995   2.187602
0.682995   2.188097
0.683995   2.188592
0.684995   2.189088
0.685995   2.189584
0.686995   2.190080
0.687995   2.190578
0.688995   2.191075
0.689995   2.191573
0.690995   2.192072
0.691995   2.192571
0.692995   2.193071
0.693995   2.193571
0.694995   2.194072
0.695995   2.194573
0.696995   2.195075
0.697995   2.195577
0.698995   2.196079
0.699995   2.196583
0.700995   2.197086
0.701995   2.197590
0.702995   2.198095
0.703995   2.198600
0.704994   2.199106
0.705994   2.199612
0.706994   2.200119
0.707994   2.200626
0.708994   2.201133
0.709994   2.201641
0.710994   2.202150
0.711994   2.202659
0.712994   2.203169
0.713994   2.203679
0.714994   2.204189
0.715994   2.204700
0.716994   2.205212
0.717994   2.205724
0.718994   2.206236
0.719994   2.206749
0.720994   2.207263
0.721994   2.207777
0.722994   2.208291
0.723994   2.208806
0.724994   2.209321
0.725994   2.209837
0.726994   2.210354
0.727994   2.210871
0.728994   2.211388
0.729994   2.211906
0.730994   2.212424
0.731994   2.212943
0.732994   2.213462
0.733994   2.213982
0.734994   2.214502
0.735994   2.215023
0.736994   2.215544
0.737994   2.216066
0.738994   2.216588
0.739994   2.217111
0.740994   2.217634
0.741994   2.218158
0.742994   2.218682
0.743994   2.219206
0.744994   2.219731
0.745994   2.220257
0.746994   2.220783
0.747994   2.221309
0.748994   2.221836
0.749994   2.222363
0.750994   2.222891
0.751994   2.223419
0.752994   2.223948
0.753994   2.224478
0.754994   2.225007
0.755994   2.225538
0.756994   2.226068
0.757994   2.226599
0.758994   2.227131
0.759994   2.227663
0.760994   2.228196
0.761994   2.228729
0.762994   2.229262
0.763994   2.229796
0.764994   2.230330
0.765994   2.230865
0.766994   2.231401
0.767994   2.231937
0.768994   2.232473
0.769994   2.233010
0.770994   2.233547
0.771994   2.234085
0.772994   2.234623
0.773994   2.235161
0.774994   2.235700
0.775994   2.236240
0.776994   2.236780
0.777994   2.237320
0.778994   2.237861
0.779994   2.238403
0.780994   2.238944
0.781994   2.239487
0.782993   2.240029
0.783993   2.240572
0.784993   2.241116
0.785993   2.241660
0.786993   2.242205
0.787993   2.242750
0.788993   2.243295
0.789993   2.243841
0.790993   2.244388
0.791993   2.244934
0.792993   2.245482
0.793993   2.246029
0.794993   2.246578
0.795993   2.247126
0.796993   2.247675
0.797993   2.248225
0.798993   2.248775
0.799993   2.249325
0.800993   2.249876
0.801993   2.250427
0.802993   2.250979
0.803993   2.251532
0.804993   2.252084
0.805993   2.252637
0.806993   2.253191
0.807993   2.253745
0.808993   2.254299
0.809993   2.254854
0.810993   2.255410
0.811993   2.255965
0.812993   2.256522
0.813993   2.257078
0.814993   2.257635
0.815993   2.258193
0.816993   2.258751
0.817993   2.259310
0.818993   2.259868
0.819993   2.260428
0.820993   2.260988
0.821993   2.261548
0.822993   2.262108
0.823993   2.262670
0.824993   2.263231
0.825993   2.263793
0.826993   2.264355
0.827993   2.264918
0.828993   2.265481
0.829993   2.266045
0.830993   2.266609
0.831993   2.267174
0.832993   2.267739
0.833993   2.268305
0.834993   2.268870
0.835993   2.269437
0.836993   2.270004
0.837993   2.270571
0.838993   2.271138
0.839993   2.271706
0.840993   2.272275
0.841993   2.272844
0.842993   2.273413
0.843993   2.273983
0.844993   2.274553
0.845993   2.275124
0.846993   2.275695
0.847993   2.276266
0.848993   2.276838
0.849993   2.277411
0.850993   2.277983
0.851993   2.278557
0.852993   2.279130
0.853993   2.279704
0.854993   2.280279
0.855993   2.280854
0.856993   2.281429
0.857993   2.282005
0.858993   2.282581
0.859993   2.283158
0.860992   2.283735
0.861992   2.284312
0.862992   2.284890
0.863992   2.285468
0.864992   2.286047
0.865992   2.286626
0.866992   2.287206
0.867992   2.287786
0.868992   2.288366
0.869992   2.288947
0.870992   2.289528
0.871992   2.290110
0.872992   2.290692
0.873992   2.291275
0.874992   2.291857
0.875992   2.292441
0.876992   2.293025
0.877992   2.293609
0.878992   2.294193
0.879992   2.294778
0.880992   2.295364
0.881992   2.295950
0.882992   2.296536
0.883992   2.297122
0.884992   2.297709
0.885992   2.298297
0.886992   2.298885
0.887992   2.299473
0.888992   2.300062
0.889992   2.300651
0.890992   2.301241
0.891992   2.301831
0.892992   2.302421
0.893992   2.303012
0.894992   2.303603
0.895992   2.304194
0.896992   2.304786
0.897992   2.305379
0.898992   2.305972
0.899992   2.306565
0.900992   2.307158
0.901992   2.307753
0.902992   2.308347
0.903992   2.308942
0.904992   2.309537
0.905992   2.310133
0.906992   2.310729
0.907992   2.311325
0.908992   2.311922
0.909992   2.312519
0.910992   2.313117
0.911992   2.313715
0.912992   2.314314
0.913992   2.314912
0.914992   2.315512
0.915992   2.316111
0.916992   2.316711
0.917992   2.317312
0.918992   2.317913
0.919992   2.318514
0.920992   2.319116
0.921992   2.319718
0.922992   2.320320
0.923992   2.320923
0.924992   2.321526
0.925992   2.322130
0.926992   2.322734
0.927992   2.323339
0.928992   2.323943
0.929992   2.324549
0.930992   2.325154
0.931992   2.325760
0.932992   2.326367
0.933992   2.326973
0.934992   2.327581
0.935992   2.328188
0.936992   2.328796
0.937991   2.329405
0.938991   2.330014
0.939991   2.330623
0.940991   2.331232
0.941991   2.331842
0.942991   2.332453
0.943991   2.333063
0.944991   2.333674
0.945991   2.334286
0.946991   2.334898
0.947991   2.335510
0.948991   2.336123
0.949991   2.336736
0.950991   2.337349
0.951991   2.337963
0.952991   2.338577
0.953991   2.339192
0.954991   2.339807
0.955991   2.340422
0.956991   2.341038
0.957991   2.341654
0.958991   2.342271
0.959991   2.342887
0.960991   2.343505
0.961991   2.344122
0.962991   2.344740
0.963991   2.345359
0.964991   2.345978
0.965991   2.346597
0.966991   2.347217
0.967991   2.347836
0.968991   2.348457
0.969991   2.349077
0.970991   2.349699
0.971991   2.350320
0.972991   2.350942
0.973991   2.351564
0.974991   2.352187
0.975991   2.352810
0.976991   2.353433
0.977991   2.354057
0.978991   2.354681
0.979991   2.355305
0.980991   2.355930
0.981991   2.356555
0.982991   2.357181
0.983991   2.357807
0.984991   2.358433
0.985991   2.359060
0.986991   2.359687
0.987991   2.360315
0.988991   2.360943
0.989991   2.361571
0.990991   2.362200
0.991991   2.362828
0.992991   2.363458
0.993991   2.364088
0.994991   2.364718
0.995991   2.365348
0.996991   2.365979
0.997991   2.366610
0.998991   2.367242
0.999991   2.367874
