0.000000   2.000000
0.001000   2.000000
0.002000   2.000002
0.003000   2.000004
0.004000   2.000008
0.005000   2.000012
0.006000   2.000018
0.007000   2.000024
0.008000   2.000032
0.009000   2.000040
0.010000   2.000050
0.011000   2.000060
0.012000   2.000072
0.013000   2.000084
0.014000   2.000097
0.015000   2.000112
0.016000   2.000127
0.017000   2.000143
0.018000   2.000161
0.019000   2.000179
0.020000   2.000198
0.021000   2.000219
0.022000   2.000240
0.023000   2.000262
0.024000   2.000285
0.025000   2.000309
0.026000   2.000335
0.027000   2.000361
0.028000   2.000388
0.029000   2.000416
0.030000   2.000445
0.031000   2.000475
0.032000   2.000506
0.033000   2.000538
0.034000   2.000571
0.035000   2.000605
0.036000   2.000640
0.037000   2.000675
0.038000   2.000712
0.039000   2.000750
0.040000   2.000788
0.041000   2.000828
0.042000   2.000869
0.043000   2.000910
0.044000   2.000953
0.045000   2.000997
0.046000   2.001041
0.047000   2.001087
0.048000   2.001133
0.049000   2.001181
0.050000   2.001229
0.051000   2.001278
0.052000   2.001329
0.053000   2.001380
0.054000   2.001432
0.055000   2.001485
0.056000   2.001539
0.057000   2.001594
0.058000   2.001650
0.059000   2.001706
0.060000   2.001764
0.061000   2.001823
0.062000   2.001882
0.063000   2.001943
0.064000   2.002004
0.065000   2.002067
0.066000   2.002130
0.067000   2.002195
0.068000   2.002260
0.069000   2.002326
0.070000   2.002393
0.071000   2.002462
0.072000   2.002531
0.073000   2.002600
0.074000   2.002671
0.075000   2.002743
0.076000   2.002816
0.077000   2.002889
0.078000   2.002964
0.079000   2.003040
0.080000   2.003116
0.081000   2.003193
0.082000   2.003272
0.083000   2.003351
0.084000   2.003431
0.085000   2.003512
0.086000   2.003594
0.087000   2.003677
0.088000   2.003761
0.089000   2.003845
0.090000   2.003931
0.091000   2.004017
0.092000   2.004105
0.093000   2.004193
0.094000   2.004282
0.095000   2.004373
0.096000   2.004464
0.097000   2.004556
0.098000   2.004649
0.099000   2.004743
0.100000   2.004837
0.101000   2.004933
0.102000   2.005029
0.103000   2.005127
0.104000   2.005225
0.105000   2.005325
0.106000   2.005425
0.107000   2.005526
0.108000   2.005628
0.109000   2.005731
0.110000   2.005834
0.111000   2.005939
0.112000   2.006045
0.113000   2.006151
0.114000   2.006258
0.115000   2.006366
0.116000   2.006476
0.117000   2.006586
0.118000   2.006696
0.119000   2.006808
0.120000   2.006921
0.121000   2.007035
0.122000   2.007149
0.123000   2.007264
0.124000   2.007380
0.125000   2.007498
0.126000   2.007616
0.127000   2.007735
0.128000   2.007854
0.129000   2.007975
0.130000   2.008096
0.131000   2.008219
0.132000   2.008342
0.133000   2.008466
0.134000   2.008591
0.135000   2.008717
0.136000   2.008844
0.137000   2.008971
0.138000   2.009100
0.139000   2.009229
0.140000   2.009360
0.141000   2.009491
0.142000   2.009623
0.143000   2.009756
0.144000   2.009889
0.145000   2.010024
0.146000   2.010159
0.147000   2.010296
0.148000   2.010433
0.149000   2.010571
0.150000   2.010710
0.151000   2.010850
0.152000   2.010990
0.153000   2.011132
0.154000   2.011274
0.155000   2.011417
0.156000   2.011561
0.157000   2.011706
0.158000   2.011852
0.159000   2.011999
0.160000   2.012146
0.161000   2.012295
0.162000   2.012444
0.163000   2.012594
0.164000   2.012745
0.165000   2.012896
0.166000   2.013049
0.167000   2.013202
0.168000   2.013357
0.169000   2.013512
0.170000   2.013668
0.171000   2.013825
0.172000   2.013982
0.173000   2.014141
0.174000   2.014300
0.175000   2.014460
0.176000   2.014621
0.177000   2.014783
0.178000   2.014946
0.179000   2.015109
0.180000   2.015274
0.181000   2.015439
0.182000   2.015605
0.183000   2.015772
0.184000   2.015939
0.185000   2.016108
0.186000   2.016277
0.187000   2.016447
0.188000   2.016618
0.189000   2.016790
0.190000   2.016963
0.191000   2.017136
0.192000   2.017311
0.193000   2.017486
0.194000   2.017662
0.195000   2.017839
0.196000   2.018016
0.197000   2.018195
0.198000   2.018374
0.199000   2.018554
0.200000   2.018735
0.201000   2.018917
0.202000   2.019099
0.203000   2.019283
0.204000   2.019467
0.205000   2.019652
0.206000   2.019838
0.207000   2.020025
0.208000   2.020212
0.209000   2.020400
0.210000   2.020589
0.211000   2.020779
0.212000   2.020970
0.213000   2.021161
0.214000   2.021354
0.215000   2.021547
0.216000   2.021741
0.217000   2.021935
0.218000   2.022131
0.219000   2.022327
0.220000   2.022525
0.221000   2.022722
0.222000   2.022921
0.223000   2.023121
0.224000   2.023321
0.225000   2.023522
0.226000   2.023724
0.227000   2.023927
0.228000   2.024131
0.229000   2.024335
0.230000   2.024540
0.231000   2.024746
0.232000   2.024953
0.233000   2.025160
0.234000   2.025368
0.235000   2.025578
0.236000   2.025787
0.237000   2.025998
0.238000   2.026210
0.239000   2.026422
0.240000   2.026635
0.241000   2.026849
0.242000   2.027063
0.243000   2.027279
0.244000   2.027495
0.245000   2.027712
0.246000   2.027930
0.247000   2.028148
0.248000   2.028368
0.249000   2.028588
0.250000   2.028809
0.251000   2.029030
0.252000   2.029253
0.253000   2.029476
0.254000   2.029700
0.255000   2.029925
0.256000   2.030150
0.257000   2.030377
0.258000   2.030604
0.259000   2.030832
0.260000   2.031060
0.261000   2.031290
0.262000   2.031520
0.263000   2.031751
0.264000   2.031983
0.265000   2.032215
0.266000   2.032448
0.267000   2.032682
0.268000   2.032917
0.269000   2.033153
0.270000   2.033389
0.271000   2.033626
0.272000   2.033864
0.273000   2.034103
0.274000   2.034342
0.275000   2.034582
0.276000   2.034823
0.277000   2.035065
0.278000   2.035307
0.279000   2.035550
0.280000   2.035794
0.281000   2.036039
0.282000   2.036284
0.283000   2.036530
0.284000   2.036777
0.285000   2.037025
0.286000   2.037274
0.287000   2.037523
0.288000   2.037773
0.289000   2.038023
0.290000   2.038275
0.291000   2.038527
0.292000   2.038780
0.293000   2.039034
0.294000   2.039288
0.295000   2.039543
0.296000   2.039799
0.297000   2.040056
0.298000   2.040313
0.299000   2.040572
0.300000   2.040831
0.301000   2.041090
0.302000   2.041351
0.303000   2.041612
0.304000   2.041873
0.305000   2.042136
0.306000   2.042399
0.307000   2.042664
0.308000   2.042928
0.309000   2.043194
0.310000   2.043460
0.311000   2.043727
0.312000   2.043995
0.313000   2.044264
0.314000   2.044533
0.314999   2.044803
0.315999   2.045073
0.316999   2.045345
0.317999   2.045617
0.318999   2.045889
0.319999   2.046163
0.320999   2.046438
0.321999   2.046713
0.322999   2.046988
0.323999   2.047265
0.324999   2.047542
0.325999   2.047820
0.326999   2.048099
0.327999   2.048378
0.328999   2.048659
0.329999   2.048939
0.330999   2.049221
0.331999   2.049503
0.332999   2.049786
0.333999   2.050070
0.334999   2.050354
0.335999   2.050640
0.336999   2.050925
0.337999   2.051212
0.338999   2.051499
0.339999   2.051786
0.340999   2.052075
0.341999   2.052364
0.342999   2.052654
0.343999   2.052945
0.344999   2.053236
0.345999   2.053528
0.346999   2.053821
0.347999   2.054114
0.348999   2.054409
0.349999   2.054703
0.350999   2.054999
0.351999   2.055295
0.352999   2.055592
0.353999   2.055890
0.354999   2.056188
0.355999   2.056487
0.356999   2.056787
0.357999   2.057087
0.358999   2.057388
0.359999   2.057690
0.360999   2.057993
0.361999   2.058296
0.362999   2.058600
0.363999   2.058905
0.364999   2.059210
0.365999   2.059516
0.366999   2.059823
0.367999   2.060130
0.368999   2.060438
0.369999   2.060747
0.370999   2.061056
0.371999   2.061367
0.372999   2.061677
0.373999   2.061989
0.374999   2.062301
0.375999   2.062614
0.376999   2.062928
0.377999   2.063242
0.378999   2.063557
0.379999   2.063873
0.380999   2.064189
0.381999   2.064506
0.382999   2.064824
0.383999   2.065143
0.384999   2.065462
0.385999   2.065781
0.386999   2.066102
0.387999   2.066423
0.388999   2.066745
0.389999   2.067067
0.390999   2.067390
0.391998   2.067714
0.392998   2.068039
0.393998   2.068364
0.394998   2.068690
0.395998   2.069016
0.396998   2.069344
0.397998   2.069671
0.398998   2.070000
0.399998   2.070329
0.400998   2.070659
0.401998   2.070990
0.402998   2.071321
0.403998   2.071653
0.404998   2.071985
0.405998   2.072319
0.406998   2.072653
0.407998   2.072987
0.408998   2.073323
0.409998   2.073658
0.410998   2.073995
0.411998   2.074332
0.412998   2.074670
0.413998   2.075009
0.414998   2.075348
0.415998   2.075688
0.416998   2.076028
0.417998   2.076370
0.418998   2.076711
0.419998   2.077054
0.420998   2.077397
0.421998   2.077741
0.422998   2.078085
0.423998   2.078431
0.424998   2.078776
0.425998   2.079123
0.426998   2.079470
0.427998   2.079818
0.428998   2.080166
0.429998   2.080515
0.430998   2.080865
0.431998   2.081215
0.432998   2.081566
0.433998   2.081918
0.434998   2.082270
0.435998   2.082623
0.436998   2.082977
0.437998   2.083331
0.438998   2.083686
0.439998   2.084042
0.440998   2.084398
0.441998   2.084755
0.442998   2.085112
0.443998   2.085470
0.444998   2.085829
0.445998   2.086188
0.446998   2.086548
0.447998   2.086909
0.448998   2.087270
0.449998   2.087632
0.450998   2.087995
0.451998   2.088358
0.452998   2.088722
0.453998   2.089087
0.454998   2.089452
0.455998   2.089818
0.456998   2.090184
0.457998   2.090551
0.458998   2.090919
0.459998   2.091287
0.460998   2.091656
0.461998   2.092026
0.462998   2.092396
0.463998   2.092767
0.464998   2.093138
0.465998   2.093510
0.466998   2.093883
0.467998   2.094256
0.468998   2.094630
0.469997   2.095005
0.470997   2.095380
0.471997   2.095756
0.472997   2.096133
0.473997   2.096510
0.474997   2.096887
0.475997   2.097266
0.476997   2.097645
0.477997   2.098024
0.478997   2.098405
0.479997   2.098785
0.480997   2.099167
0.481997   2.099549
0.482997   2.099932
0.483997   2.100315
0.484997   2.100699
0.485997   2.101084
0.486997   2.101469
0.487997   2.101854
0.488997   2.102241
0.489997   2.102628
0.490997   2.103015
0.491997   2.103404
0.492997   2.103792
0.493997   2.104182
0.494997   2.104572
0.495997   2.104963
0.496997   2.105354
0.497997   2.105746
0.498997   2.106138
0.499997   2.106531
0.500997   2.106925
0.501997   2.107319
0.502997   2.107714
0.503997   2.108110
0.504997   2.108506
0.505997   2.108902
0.506997   2.109300
0.507997   2.109698
0.508997   2.110096
0.509997   2.110496
0.510997   2.110895
0.511997   2.111296
0.512997   2.111697
0.513997   2.112098
0.514997   2.112500
0.515997   2.112903
0.516997   2.113307
0.517997   2.113710
0.518997   2.114115
0.519997   2.114520
0.520997   2.114926
0.521997   2.115332
0.522997   2.115739
0.523997   2.116147
0.524997   2.116555
0.525997   2.116963
0.526997   2.117373
0.527997   2.117783
0.528997   2.118193
0.529997   2.118604
0.530997   2.119016
0.531997   2.119428
0.532997   2.119841
0.533997   2.120254
0.534997   2.120668
0.535997   2.121083
0.536997   2.121498
0.537997   2.121914
0.538997   2.122330
0.539997   2.122747
0.540997   2.123164
0.541997   2.123583
0.542997   2.124001
0.543997   2.124420
0.544997   2.124840
0.545997   2.125261
0.546997   2.125682
0.547997   2.126103
0.548997   2.126525
0.549996   2.126948
0.550996   2.127371
0.551996   2.127795
0.552996   2.128220
0.553996   2.128645
0.554996   2.129070
0.555996   2.129496
0.556996   2.129923
0.557996   2.130350
0.558996   2.130778
0.559996   2.131207
0.560996   2.131636
0.561996   2.132065
0.562996   2.132495
0.563996   2.132926
0.564996   2.133358
0.565996   2.133789
0.566996   2.134222
0.567996   2.134655
0.568996   2.135088
0.569996   2.135523
0.570996   2.135957
0.571996   2.136393
0.572996   2.136828
0.573996   2.137265
0.574996   2.137702
0.575996   2.138139
0.576996   2.138577
0.577996   2.139016
0.578996   2.139455
0.579996   2.139895
0.580996   2.140336
0.581996   2.140776
0.582996   2.141218
0.583996   2.141660
0.584996   2.142102
0.585996   2.142546
0.586996   2.142989
0.587996   2.143434
0.588996   2.143878
0.589996   2.144324
0.590996   2.144770
0.591996   2.145216
0.592996   2.145663
0.593996   2.146111
0.594996   2.146559
0.595996   2.147008
0.596996   2.147457
0.597996   2.147907
0.598996   2.148357
0.599996   2.148808
0.600996   2.149259
0.601996   2.149711
0.602996   2.150164
0.603996   2.150617
0.604996   2.151071
0.605996   2.151525
0.606996   2.151979
0.607996   2.152435
0.608996   2.152890
0.609996   2.153347
0.610996   2.153804
0.611996   2.154261
0.612996   2.154719
0.613996   2.155178
0.614996   2.155637
0.615996   2.156096
0.616996   2.156556
0.617996   2.157017
0.618996   2.157478
0.619996   2.157940
0.620996   2.158402
0.621996   2.158865
0.622996   2.159328
0.623996   2.159792
0.624996   2.160257
0.625996   2.160722
0.626996   2.161187
0.627995   2.161653
0.628995   2.162120
0.629995   2.162587
0.630995   2.163054
0.631995   2.163523
0.632995   2.163991
0.633995   2.164461
0.634995   2.164930
0.635995   2.165401
0.636995   2.165872
0.637995   2.166343
0.638995   2.166815
0.639995   2.167287
0.640995   2.167760
0.641995   2.168234
0.642995   2.168708
0.643995   2.169182
0.644995   2.169657
0.645995   2.170133
0.646995   2.170609
0.647995   2.171086
0.648995   2.171563
0.649995   2.172040
0.650995   2.172518
0.651995   2.172997
0.652995   2.173476
0.653995   2.173956
0.654995   2.174436
0.655995   2.174917
0.656995   2.175399
0.657995   2.175880
0.658995   2.176363
0.659995   2.176846
0.660995   2.177329
0.661995   2.177813
0.662995   2.178297
0.663995   2.178782
0.664995   2.179268
0.665995   2.179754
0.666995   2.180240
0.667995   2.180727
0.668995   2.181215
0.669995   2.181703
0.670995   2.182191
0.671995   2.182680
0.672995   2.183170
0.673995   2.183660
0.674995   2.184150
0.675995   2.184641
0.676995   2.185133
0.677995   2.185625
0.678995   2.186118
0.679995   2.186611
0.680995   2.187104
0.681995   2.187598
0.682995   2.188093
0.683995   2.188588
0.684995   2.189084
0.685995   2.189580
0.686995   2.190077
0.687995   2.190574
0.688995   2.191072
0.689995   2.191570
0.690995   2.192068
0.691995   2.192568
0.692995   2.193067
0.693995   2.193568
0.694995   2.194068
0.695995   2.194569
0.696995   2.195071
0.697995   2.195573
0.698995   2.196076
0.699995   2.196579
0.700995   2.197082
0.701995   2.197587
0.702995   2.198091
0.703995   2.198596
0.704994   2.199102
0.705994   2.199608
0.706994   2.200115
0.707994   2.200622
0.708994   2.201130
0.709994   2.201638
0.710994   2.202146
0.711994   2.202655
0.712994   2.203165
0.713994   2.203675
0.714994   2.204185
0.715994   2.204696
0.716994   2.205208
0.717994   2.205720
0.718994   2.206233
0.719994   2.206746
0.720994   2.207259
0.721994   2.207773
0.722994   2.208288
0.723994   2.208803
0.724994   2.209318
0.725994   2.209834
0.726994   2.210351
0.727994   2.210867
0.728994   2.211385
0.729994   2.211903
0.730994   2.212421
0.731994   2.212940
0.732994   2.213459
0.733994   2.213979
0.734994   2.214499
0.735994   2.215020
0.736994   2.215541
0.737994   2.216063
0.738994   2.216585
0.739994   2.217107
0.740994   2.217630
0.741994   2.218154
0.742994   2.218678
0.743994   2.219203
0.744994   2.219728
0.745994   2.220253
0.746994   2.220779
0.747994   2.221305
0.748994   2.221832
0.749994   2.222360
0.750994   2.222888
0.751994   2.223416
0.752994   2.223945
0.753994   2.224474
0.754994   2.225004
0.755994   2.225534
0.756994   2.226065
0.757994   2.226596
0.758994   2.227128
0.759994   2.227660
0.760994   2.228192
0.761994   2.228725
0.762994   2.229259
0.763994   2.229793
0.764994   2.230328
0.765994   2.230863
0.766994   2.231398
0.767994   2.231934
0.768994   2.232470
0.769994   2.233007
0.770994   2.233544
0.771994   2.234082
0.772994   2.234620
0.773994   2.235158
0.774994   2.235697
0.775994   2.236237
0.776994   2.236777
0.777994   2.237317
0.778994   2.237858
0.779994   2.238400
0.780994   2.238942
0.781994   2.239484
0.782993   2.240027
0.783993   2.240570
0.784993   2.241113
0.785993   2.241657
0.786993   2.242202
0.787993   2.242747
0.788993   2.243293
0.789993   2.243839
0.790993   2.244385
0.791993   2.244932
0.792993   2.245479
0.793993   2.246027
0.794993   2.246575
0.795993   2.247124
0.796993   2.247673
0.797993   2.248222
0.798993   2.248772
0.799993   2.249323
0.800993   2.249874
0.801993   2.250425
0.802993   2.250977
0.803993   2.251529
0.804993   2.252082
0.805993   2.252635
0.806993   2.253189
0.807993   2.253743
0.808993   2.254297
0.809993   2.254852
0.810993   2.255408
0.811993   2.255963
0.812993   2.256520
0.813993   2.257076
0.814993   2.257633
0.815993   2.258191
0.816993   2.258749
0.817993   2.259308
0.818993   2.259866
0.819993   2.260426
0.820993   2.260986
0.821993   2.261546
0.822993   2.262107
0.823993   2.262668
0.824993   2.263229
0.825993   2.263791
0.826993   2.264354
0.827993   2.264917
0.828993   2.265480
0.829993   2.266044
0.830993   2.266608
0.831993   2.267173
0.832993   2.267738
0.833993   2.268303
0.834993   2.268869
0.835993   2.269435
0.836993   2.270002
0.837993   2.270569
0.838993   2.271137
0.839993   2.271705
0.840993   2.272274
0.841993   2.272843
0.842993   2.273412
0.843993   2.273982
0.844993   2.274552
0.845993   2.275123
0.846993   2.275694
0.847993   2.276265
0.848993   2.276837
0.849993   2.277410
0.850993   2.277983
0.851993   2.278556
0.852993   2.279130
0.853993   2.279704
0.854993   2.280278
0.855993   2.280853
0.856993   2.281429
0.857993   2.282004
0.858993   2.282581
0.859993   2.283157
0.860992   2.283734
0.861992   2.284312
0.862992   2.284890
0.863992   2.285468
0.864992   2.286047
0.865992   2.286626
0.866992   2.287206
0.867992   2.287786
0.868992   2.288366
0.869992   2.288947
0.870992   2.289528
0.871992   2.290110
0.872992   2.290692
0.873992   2.291275
0.874992   2.291858
0.875992   2.292441
0.876992   2.293025
0.877992   2.293609
0.878992   2.294194
0.879992   2.294779
0.880992   2.295364
0.881992   2.295950
0.882992   2.296536
0.883992   2.297123
0.884992   2.297710
0.885992   2.298298
0.886992   2.298886
0.887992   2.299474
0.888992   2.300063
0.889992   2.300652
0.890992   2.301242
0.891992   2.301832
0.892992   2.302422
0.893992   2.303013
0.894992   2.303604
0.895992   2.304196
0.896992   2.304788
0.897992   2.305380
0.898992   2.305973
0.899992   2.306566
0.900992   2.307160
0.901992   2.307754
0.902992   2.308348
0.903992   2.308943
0.904992   2.309539
0.905992   2.310134
0.906992   2.310730
0.907992   2.311327
0.908992   2.311924
0.909992   2.312521
0.910992   2.313119
0.911992   2.313717
0.912992   2.314316
0.913992   2.314914
0.914992   2.315514
0.915992   2.316113
0.916992   2.316714
0.917992   2.317314
0.918992   2.317915
0.919992   2.318516
0.920992   2.319118
0.921992   2.319720
0.922992   2.320323
0.923992   2.320925
0.924992   2.321529
0.925992   2.322132
0.926992   2.322737
0.927992   2.323341
0.928992   2.323946
0.929992   2.324551
0.930992   2.325157
0.931992   2.325763
0.932992   2.326369
0.933992   2.326976
0.934992   2.327583
0.935992   2.328191
0.936992   2.328799
0.937991   2.329407
0.938991   2.330016
0.939991   2.330626
0.940991   2.331235
0.941991   2.331845
0.942991   2.332456
0.943991   2.333066
0.944991   2.333678
0.945991   2.334289
0.946991   2.334901
0.947991   2.335513
0.948991   2.336126
0.949991   2.336739
0.950991   2.337353
0.951991   2.337967
0.952991   2.338581
0.953991   2.339195
0.954991   2.339811
0.955991   2.340426
0.956991   2.341042
0.957991   2.341658
0.958991   2.342274
0.959991   2.342891
0.960991   2.343509
0.961991   2.344126
0.962991   2.344745
0.963991   2.345363
0.964991   2.345982
0.965991   2.346601
0.966991   2.347221
0.967991   2.347841
0.968991   2.348461
0.969991   2.349082
0.970991   2.349703
0.971991   2.350325
0.972991   2.350947
0.973991   2.351569
0.974991   2.352192
0.975991   2.352815
0.976991   2.353438
0.977991   2.354062
0.978991   2.354686
0.979991   2.355311
0.980991   2.355936
0.981991   2.356561
0.982991   2.357187
0.983991   2.357813
0.984991   2.358439
0.985991   2.359066
0.986991   2.359693
0.987991   2.360321
0.988991   2.360949
0.989991   2.361577
0.990991   2.362206
0.991991   2.362834
0.992991   2.363464
0.993991   2.364094
0.994991   2.364724
0.995991   2.365354
0.996991   2.365985
0.997991   2.366616
0.998991   2.367248
0.999991   2.367880
